11.1522
9.94276
8.30833
10.1921
10.0548
8.79894
10.0441
8.34392
8.83764
7.87601
8.5046
7.99405
8.75034
8.57257
10.84
8.5662
9.1991
8.56765
8.75461
10.8294
10.7083
9.04265
8.32109
8.77592
8.47162
8.6351
8.38312
8.89341
9.51286
9.82334
8.18339
8.65214
8.68161
10.0277
8.76899
8.5128
8.39855
8.27167
8.26529
8.51069
8.64582
8.56441
8.2278
8.43352
8.5722
8.50903
8.82715
8.30091
8.50737
8.37687
8.72196
8.47358
8.36306
7.98181
8.56076
8.53174
8.28811
11.2707
11.1847
10.0394
8.70212
8.95525
8.52242
8.46177
8.89261
9.17347
8.23018
8.68454
8.25809
9.15311
10.4884
10.0725
8.19003
8.36133
8.24221
9.65473
8.65395
8.55399
9.03755
8.3028
8.50829
8.35362
9.23549
8.25837
9.22962
9.11718
8.50766
8.44892
10.6345
8.89561
8.80162
8.16447
8.49931
8.20215
8.34602
9.37534
8.58865
8.25942
10.8287
8.24073
8.61737
8.38981
8.23124
8.26637
8.70015
8.53632
8.46937
8.20571
8.41878
8.28516
8.16061
8.57535
8.36998
8.20256
8.39372
8.33266
8.02311
9.09984
8.25925
8.28244
8.43299
8.78939
9.84784
8.20558
8.38543
8.83169
9.32793
8.92164
8.07637
8.3957
8.45087
9.18044
10.0338
8.73346
8.18413
8.76646
8.63244
9.05156
8.29544
8.2653
8.51503
8.30459
8.38631
8.50535
8.35367
8.14132
8.68449
8.30375
8.59212
8.25756
8.47367
8.22949
8.51649
8.36117
8.18939
8.26851
8.32233
